
s1_total_tokens=3357
s1_total_symbols=388
s1_tokens=3194
s1_symbols=261
s1_oov=0.04856
s1_pruned_rate=0.32732
s1_dataset='lemma'
s2_total_tokens=3357
s2_total_symbols=169
s2_tokens=3192
s2_symbols=79
s2_oov=0.04915
s2_pruned_rate=0.53254
s2_dataset='pos'
s3_total_tokens=3357
s3_total_symbols=1
s3_tokens=3357
s3_symbols=1
s3_oov=0.00000
s3_pruned_rate=0.00000
s3_dataset='off'
